-0.0033
-0.0026
-0.0001
0.0004
0.0025
0.0052
0.0080
0.0143
0.0212
0.0317
0.0433
0.0563
0.0662
0.0702
0.0671
0.0587
0.0480
0.0325
0.0073
-0.0209
-0.0461
-0.0648
-0.0677
-0.0544
-0.0260
0.0123
0.0608
0.1098
0.1536
0.1842
0.1969
0.1873
0.1591
0.1214
0.0779
0.0326
-0.0099
-0.0531
-0.1019
-0.1448
-0.1746
-0.1856
-0.1764
-0.1505
-0.1208
-0.0965
-0.0860
-0.0813
-0.0810
-0.0749
-0.0590
-0.0377
-0.0130
0.0123
0.0306
0.0396
0.0375
0.0260
0.0123
-0.0030
-0.0157
-0.0255
-0.0309
-0.0333
-0.0325
-0.0335
-0.0343
-0.0404
-0.0478
-0.0571
-0.0653
-0.0692
-0.0672
-0.0609
-0.0522
-0.0435
-0.0366
-0.0307
-0.0276
-0.0289
-0.0288
-0.0279
-0.0258
-0.0236
-0.0186
-0.0119
-0.0098
-0.0081
-0.0094
-0.0125
-0.0157
-0.0195
-0.0208
-0.0196
-0.0182
-0.0152
-0.0135
-0.0119
-0.0114
-0.0110
-0.0095
-0.0072
-0.0019
0.0061
0.0161
0.0252
0.0296
0.0311
0.0289
0.0240
0.0191
0.0144
0.0135
0.0141
0.0171
0.0182
0.0196
0.0201
0.0200
0.0175
0.0143
0.0101
0.0078
0.0064
0.0056
0.0072
0.0082
0.0074
0.0061
0.0073
0.0052
0.0041
0.0025
0.0029
0.0022
0.0043
0.0065
0.0093
0.0128
0.0139
0.0130
0.0120
0.0057
0.0019
-0.0028
-0.0062
-0.0071
-0.0038
-0.0007
0.0043
-0.0955
-0.0937
-0.0923
-0.0909
-0.0885
-0.0848
-0.0780
-0.0697
-0.0586
-0.0408
-0.0215
0.0013
0.0265
0.0497
0.0704
0.0865
0.0979
0.1003
0.0981
0.0956
0.0924
0.0915
0.0946
0.1024
0.1118
0.1165
0.1134
0.1066
0.0978
0.0881
0.0810
0.0793
0.0756
0.0706
0.0644
0.0537
0.0374
0.0131
-0.0124
-0.0276
-0.0247
-0.0120
-0.0027
-0.0042
-0.0180
-0.0370
-0.0464
-0.0475
-0.0362
-0.0191
0.0058
0.0306
0.0457
0.0492
0.0391
0.0237
0.0044
-0.0146
-0.0297
-0.0391
-0.0434
-0.0440
-0.0420
-0.0429
-0.0449
-0.0479
-0.0509
-0.0536
-0.0505
-0.0458
-0.0423
-0.0407
-0.0418
-0.0438
-0.0513
-0.0625
-0.0709
-0.0774
-0.0816
-0.0791
-0.0733
-0.0655
-0.0592
-0.0545
-0.0545
-0.0568
-0.0612
-0.0657
-0.0678
-0.0690
-0.0700
-0.0663
-0.0665
-0.0683
-0.0710
-0.0725
-0.0721
-0.0707
-0.0727
-0.0795
-0.0859
-0.0925
-0.0956
-0.0979
-0.0972
-0.0937
-0.0883
-0.0825
-0.0763
-0.0677
-0.0588
-0.0481
-0.0397
-0.0296
-0.0223
-0.0184
-0.0178
-0.0180
-0.0210
-0.0244
-0.0273
-0.0262
-0.0229
-0.0164
-0.0074
0.0006
0.0093
0.0182
0.0262
0.0342
0.0395
0.0439
0.0456
0.0461
0.0451
0.0426
0.0401
0.0380
0.0357
0.0328
0.0341
0.0344
0.0411
0.0457
0.0561
0.0659
0.0750
0.0851
0.0916
0.0976
