0.0034
0.0028
0.0006
0.0007
0.0000
0.0003
0.0027
0.0045
0.0090
0.0136
0.0208
0.0305
0.0471
0.0729
0.1093
0.1537
0.2023
0.2566
0.3206
0.3867
0.4478
0.4990
0.5297
0.5399
0.5305
0.5041
0.4567
0.3948
0.3235
0.2525
0.1908
0.1486
0.1275
0.1209
0.1263
0.1400
0.1532
0.1607
0.1643
0.1577
0.1427
0.1197
0.0895
0.0542
0.0196
-0.0128
-0.0356
-0.0534
-0.0645
-0.0756
-0.0894
-0.1011
-0.1093
-0.1154
-0.1193
-0.1239
-0.1272
-0.1262
-0.1237
-0.1184
-0.1130
-0.1063
-0.0993
-0.0920
-0.0861
-0.0788
-0.0749
-0.0706
-0.0693
-0.0685
-0.0680
-0.0685
-0.0700
-0.0707
-0.0697
-0.0671
-0.0640
-0.0629
-0.0623
-0.0599
-0.0601
-0.0609
-0.0616
-0.0599
-0.0582
-0.0577
-0.0549
-0.0546
-0.0539
-0.0536
-0.0540
-0.0531
-0.0527
-0.0527
-0.0522
-0.0533
-0.0539
-0.0553
-0.0559
-0.0560
-0.0561
-0.0552
-0.0549
-0.0551
-0.0561
-0.0566
-0.0552
-0.0545
-0.0540
-0.0534
-0.0535
-0.0526
-0.0531
-0.0527
-0.0533
-0.0518
-0.0509
-0.0497
-0.0493
-0.0483
-0.0482
-0.0476
-0.0480
-0.0474
-0.0456
-0.0452
-0.0445
-0.0427
-0.0407
-0.0415
-0.0392
-0.0383
-0.0369
-0.0370
-0.0353
-0.0352
-0.0340
-0.0325
-0.0315
-0.0293
-0.0277
-0.0287
-0.0262
-0.0264
-0.0245
-0.0220
-0.0197
-0.0197
-0.0181
-0.0181
0.0956
0.0939
0.0929
0.0924
0.0920
0.0922
0.0917
0.0929
0.0949
0.0941
0.0956
0.0975
0.1008
0.1096
0.1243
0.1463
0.1745
0.2126
0.2552
0.2970
0.3369
0.3706
0.3957
0.4118
0.4203
0.4234
0.4213
0.4086
0.3841
0.3498
0.3079
0.2613
0.2210
0.1880
0.1617
0.1394
0.1148
0.0910
0.0684
0.0437
0.0138
-0.0149
-0.0382
-0.0577
-0.0725
-0.0826
-0.0942
-0.1014
-0.1109
-0.1203
-0.1349
-0.1507
-0.1640
-0.1751
-0.1791
-0.1793
-0.1731
-0.1617
-0.1481
-0.1345
-0.1219
-0.1118
-0.1053
-0.0974
-0.0902
-0.0841
-0.0791
-0.0739
-0.0727
-0.0715
-0.0682
-0.0633
-0.0571
-0.0523
-0.0456
-0.0385
-0.0348
-0.0303
-0.0243
-0.0219
-0.0200
-0.0184
-0.0147
-0.0101
-0.0027
0.0048
0.0125
0.0190
0.0231
0.0276
0.0331
0.0343
0.0377
0.0402
0.0419
0.0423
0.0411
0.0384
0.0372
0.0380
0.0368
0.0358
0.0335
0.0329
0.0317
0.0295
0.0267
0.0241
0.0219
0.0182
0.0152
0.0108
0.0087
0.0036
-0.0007
-0.0040
-0.0069
-0.0124
-0.0177
-0.0235
-0.0281
-0.0335
-0.0377
-0.0424
-0.0479
-0.0519
-0.0563
-0.0609
-0.0646
-0.0687
-0.0709
-0.0738
-0.0762
-0.0793
-0.0820
-0.0837
-0.0858
-0.0883
-0.0903
-0.0905
-0.0931
-0.0922
-0.0949
-0.0928
-0.0941
-0.0933
-0.0916
-0.0915
-0.0891
-0.0880
